service_id,date,exception_type
12280262,20170527,1
12280262,20170708,1
12280262,20170714,1
12280262,20170722,1
12280262,20170729,1
12280263,20170506,1
12280263,20170513,1
12280263,20170520,1
12280263,20170525,1
12280263,20170603,1
12280263,20170610,1
12280263,20170617,1
12280263,20170624,1
12280263,20170701,1
12280263,20170902,1
12280263,20170909,1
12280263,20170916,1
12280263,20170923,1
12280263,20170930,1
12280263,20171028,1
12280263,20171101,1
2280263,20170505,1
2280263,20170512,1
2280263,20170519,1
2280263,20170524,1
2280263,20170602,1
2280263,20170609,1
2280263,20170616,1
2280263,20170623,1
2280263,20170630,1
2280263,20170901,1
2280263,20170908,1
2280263,20170915,1
2280263,20170922,1
2280263,20170929,1
2280263,20171027,1
2280263,20171031,1
2280262,20170526,1
2280262,20170707,1
2280262,20170713,1
2280262,20170721,1
2280262,20170728,1
2280261,20170804,1
2280261,20170811,1
2280261,20170814,1
2280261,20170818,1
2280261,20170825,1
2280260,20171006,1
2280260,20171013,1
2280260,20171020,1
12280260,20171007,1
12280260,20171014,1
12280260,20171021,1
12280261,20170805,1
12280261,20170812,1
12280261,20170815,1
12280261,20170819,1
12280261,20170826,1
12280259,20170702,1
12280259,20170709,1
12280259,20170716,1
12280259,20170723,1
12280259,20170730,1
12280259,20170806,1
12280259,20170813,1
12280259,20170820,1
12280259,20170827,1
12280253,20170509,1
12280253,20170515,1
12280253,20170522,1
12280253,20170526,1
12280253,20170529,1
12280253,20170606,1
12280253,20170612,1
12280253,20170619,1
12280253,20170626,1
12280253,20170904,1
12280253,20170911,1
12280253,20170918,1
12280253,20170925,1
12280253,20171002,1
12280253,20171009,1
12280253,20171016,1
12280253,20171023,1
12280253,20171030,1
12280253,20171102,1
12280254,20171003,1
12280254,20171004,1
12280254,20171005,1
12280254,20171006,1
12280254,20171010,1
12280254,20171011,1
12280254,20171012,1
12280254,20171013,1
12280254,20171017,1
12280254,20171018,1
12280254,20171019,1
12280254,20171020,1
12280251,20170715,1
12280252,20170508,1
12280252,20170605,1
12280257,20170704,1
12280257,20170705,1
12280257,20170706,1
12280257,20170707,1
12280257,20170711,1
12280257,20170712,1
12280257,20170713,1
12280257,20170718,1
12280257,20170719,1
12280257,20170720,1
12280257,20170721,1
12280257,20170725,1
12280257,20170726,1
12280257,20170727,1
12280257,20170728,1
12280257,20170801,1
12280258,20170507,1
12280258,20170514,1
12280258,20170521,1
12280258,20170528,1
12280258,20170604,1
12280258,20170611,1
12280258,20170618,1
12280258,20170625,1
12280258,20170903,1
12280258,20170910,1
12280258,20170917,1
12280258,20170924,1
12280258,20171001,1
12280258,20171008,1
12280258,20171015,1
12280258,20171022,1
12280258,20171029,1
12280255,20170802,1
12280255,20170803,1
12280255,20170804,1
12280255,20170808,1
12280255,20170809,1
12280255,20170810,1
12280255,20170811,1
12280255,20170817,1
12280255,20170818,1
12280255,20170822,1
12280255,20170823,1
12280255,20170824,1
12280255,20170825,1
12280255,20170829,1
12280255,20170830,1
12280255,20170831,1
12280255,20170901,1
12280256,20170505,1
12280256,20170510,1
12280256,20170511,1
12280256,20170512,1
12280256,20170516,1
12280256,20170517,1
12280256,20170518,1
12280256,20170519,1
12280256,20170523,1
12280256,20170524,1
12280256,20170530,1
12280256,20170531,1
12280256,20170601,1
12280256,20170602,1
12280256,20170607,1
12280256,20170608,1
12280256,20170609,1
12280256,20170613,1
12280256,20170614,1
12280256,20170615,1
12280256,20170616,1
12280256,20170620,1
12280256,20170621,1
12280256,20170623,1
12280256,20170627,1
12280256,20170628,1
12280256,20170629,1
12280256,20170630,1
12280256,20170905,1
12280256,20170906,1
12280256,20170907,1
12280256,20170908,1
12280256,20170912,1
12280256,20170913,1
12280256,20170914,1
12280256,20170915,1
12280256,20170919,1
12280256,20170920,1
12280256,20170921,1
12280256,20170922,1
12280256,20170926,1
12280256,20170927,1
12280256,20170928,1
12280256,20170929,1
12280256,20171024,1
12280256,20171025,1
12280256,20171026,1
12280256,20171027,1
12280256,20171031,1
12280256,20171103,1
1544644,20170621,1
12280250,20170703,1
12280250,20170710,1
12280250,20170717,1
12280250,20170724,1
12280250,20170731,1
12280250,20170807,1
12280250,20170814,1
12280250,20170816,1
12280250,20170821,1
12280250,20170828,1
2280258,20170506,1
2280258,20170513,1
2280258,20170520,1
2280258,20170527,1
2280258,20170603,1
2280258,20170610,1
2280258,20170617,1
2280258,20170624,1
2280258,20170902,1
2280258,20170909,1
2280258,20170916,1
2280258,20170923,1
2280258,20170930,1
2280258,20171007,1
2280258,20171014,1
2280258,20171021,1
2280258,20171028,1
2280259,20170701,1
2280259,20170708,1
2280259,20170715,1
2280259,20170722,1
2280259,20170729,1
2280259,20170805,1
2280259,20170812,1
2280259,20170819,1
2280259,20170826,1
2280256,20170504,1
2280256,20170509,1
2280256,20170510,1
2280256,20170511,1
2280256,20170515,1
2280256,20170516,1
2280256,20170517,1
2280256,20170518,1
2280256,20170522,1
2280256,20170523,1
2280256,20170529,1
2280256,20170530,1
2280256,20170531,1
2280256,20170601,1
2280256,20170606,1
2280256,20170607,1
2280256,20170608,1
2280256,20170612,1
2280256,20170613,1
2280256,20170614,1
2280256,20170615,1
2280256,20170619,1
2280256,20170620,1
2280256,20170622,1
2280256,20170626,1
2280256,20170627,1
2280256,20170628,1
2280256,20170629,1
2280256,20170904,1
2280256,20170905,1
2280256,20170906,1
2280256,20170907,1
2280256,20170911,1
2280256,20170912,1
2280256,20170913,1
2280256,20170914,1
2280256,20170918,1
2280256,20170919,1
2280256,20170920,1
2280256,20170921,1
2280256,20170925,1
2280256,20170926,1
2280256,20170927,1
2280256,20170928,1
2280256,20171023,1
2280256,20171024,1
2280256,20171025,1
2280256,20171026,1
2280256,20171030,1
2280256,20171102,1
2280257,20170703,1
2280257,20170704,1
2280257,20170705,1
2280257,20170706,1
2280257,20170710,1
2280257,20170711,1
2280257,20170712,1
2280257,20170717,1
2280257,20170718,1
2280257,20170719,1
2280257,20170720,1
2280257,20170724,1
2280257,20170725,1
2280257,20170726,1
2280257,20170727,1
2280257,20170731,1
2280250,20170702,1
2280250,20170709,1
2280250,20170716,1
2280250,20170723,1
2280250,20170730,1
2280250,20170806,1
2280250,20170813,1
2280250,20170815,1
2280250,20170820,1
2280250,20170827,1
2280251,20170714,1
2280254,20171002,1
2280254,20171003,1
2280254,20171004,1
2280254,20171005,1
2280254,20171009,1
2280254,20171010,1
2280254,20171011,1
2280254,20171012,1
2280254,20171016,1
2280254,20171017,1
2280254,20171018,1
2280254,20171019,1
2280255,20170801,1
2280255,20170802,1
2280255,20170803,1
2280255,20170807,1
2280255,20170808,1
2280255,20170809,1
2280255,20170810,1
2280255,20170816,1
2280255,20170817,1
2280255,20170821,1
2280255,20170822,1
2280255,20170823,1
2280255,20170824,1
2280255,20170828,1
2280255,20170829,1
2280255,20170830,1
2280255,20170831,1
2280252,20170507,1
2280252,20170604,1
2280253,20170508,1
2280253,20170514,1
2280253,20170521,1
2280253,20170525,1
2280253,20170528,1
2280253,20170605,1
2280253,20170611,1
2280253,20170618,1
2280253,20170625,1
2280253,20170903,1
2280253,20170910,1
2280253,20170917,1
2280253,20170924,1
2280253,20171001,1
2280253,20171008,1
2280253,20171015,1
2280253,20171022,1
2280253,20171029,1
2280253,20171101,1
