from_stop_id,to_stop_id,transfer_type,min_transfer_time
1166834,3764615,2,252
1166832,3747837,2,249
1166827,3765300,2,217
1166834,3764616,2,199
4008837,1166841,2,269
1166834,3764617,2,213
4008837,1166840,2,269
1166834,4036768,2,213
1166834,4036767,2,246
1166834,4036769,2,240
1166833,3926299,2,249
5325151,1166828,2,409
5325151,1166829,2,409
4036869,1166834,2,199
1166833,3926298,2,263
1166834,3764812,2,160
1166838,4008206,2,234
1166834,3764811,2,243
4036869,1166835,2,199
3749937,1166841,2,249
3749937,1166840,2,249
4726942,1166833,2,319
3716943,1166839,2,209
3716943,1166838,2,209
3749916,1166841,2,226
6129304,4016331,2,201
4472690,1166841,2,206
1166832,4035992,2,255
4472690,1166840,2,206
1166832,4035991,2,263
1166832,4035990,2,249
4726942,1166832,2,319
3749916,1166840,2,226
6129304,4016332,2,269
1869,1166838,2,180
3343765,1166838,2,180
3343765,1166839,2,180
1869,1166839,2,180
1166840,4473192,2,247
1166840,4473191,2,225
1166840,4473190,2,225
1166840,4016359,2,205
3687087,1166835,2,282
3687087,1166834,2,282
1166832,4035989,2,197
1166825,3765303,2,213
1166832,4035988,2,207
4472692,1166840,2,247
4472692,1166841,2,247
4037785,1166834,2,243
4037785,1166835,2,243
3765193,1166832,2,189
1166838,4008207,2,343
5727702,1166834,2,243
1166825,3765302,2,205
1166840,4036747,2,226
1166827,3887747,2,279
3765193,1166833,2,189
3716945,1166840,2,214
1166840,4036748,2,227
1166840,4036749,2,216
3716945,1166841,2,214
1166841,5657328,2,214
5727702,1166835,2,243
6591847,1166835,2,241
1166835,3764661,2,199
5231611,1166832,2,263
6591847,1166834,2,241
1166835,3764660,2,252
1166834,3764845,2,308
5231611,1166833,2,263
6129305,4016332,2,269
6129305,4016331,2,201
1166832,3764979,2,258
2468,1166840,2,180
2468,1166841,2,180
3765256,1166833,2,213
3893455,1166825,2,243
1166841,3893336,2,195
1166841,3893335,2,195
3764511,1166834,2,282
3764511,1166835,2,282
3893455,1166824,2,243
6217416,1166840,2,231
4471844,1166833,2,189
4471844,1166832,2,189
6217416,1166841,2,231
1166840,3893335,2,195
1166840,3893336,2,195
5675643,1166833,2,262
5675643,1166832,2,262
2068,1166830,2,180
5675644,1166832,2,197
5675644,1166833,2,197
4726739,1166835,2,243
2068,1166831,2,180
4726739,1166834,2,243
3765256,1166832,2,213
3926345,1166826,2,279
3926345,1166827,2,279
6114729,1166835,2,265
5675641,1166832,2,207
6114729,1166834,2,265
1166841,3749689,2,189
5675641,1166833,2,207
1166841,3749688,2,214
5158082,1166840,2,241
5158082,1166841,2,241
1166832,3764980,2,263
3716873,1166841,2,214
3716873,1166840,2,214
1166841,3749690,2,192
1968,1166835,2,360
1166833,4044996,2,263
1968,1166834,2,360
4472774,1166841,2,227
1166841,3749691,2,247
4473116,1166841,2,231
4472774,1166840,2,227
4473116,1166840,2,231
3716875,1166838,2,343
3716875,1166839,2,343
1166835,4016268,2,314
1166835,4016267,2,160
4037786,1166835,2,198
4037786,1166834,2,198
3716894,1166833,2,213
3716894,1166832,2,213
3716964,1166831,2,196
3716964,1166830,2,196
1166834,4036649,2,314
1166834,4036648,2,213
1166833,3813086,2,189
1166834,6591457,2,204
1166833,3813085,2,197
1166834,6591456,2,200
1166833,3813084,2,190
1166833,3813083,2,258
3893479,1166827,2,217
1166833,3813082,2,319
3893479,1166826,2,217
3812920,1166834,2,160
3812920,1166835,2,160
4996975,1166832,2,220
4996975,1166833,2,220
1166835,3764617,2,213
6114732,1166835,2,256
6673110,1166835,2,207
1166835,3764616,2,199
1166831,4035985,2,216
1166835,3764615,2,252
1166831,4035984,2,196
6673110,1166834,2,207
6114732,1166834,2,256
1166835,4770182,2,199
1166835,4770181,2,243
1166824,3765303,2,213
1166835,4770184,2,209
1166824,3765302,2,205
1166835,4770183,2,256
5675648,1166829,2,351
5675648,1166828,2,351
3687241,1166834,2,246
5675639,1166830,2,196
1166833,4036640,2,258
5675639,1166831,2,196
3687241,1166835,2,246
5478365,1166829,2,422
4008888,1166841,2,225
1166835,4016265,2,221
5478365,1166828,2,422
4008888,1166840,2,225
1166835,4016266,2,221
1166834,4459253,2,221
1166834,4459252,2,246
1166838,4008281,2,201
4726944,1166832,2,190
6129305,5138033,2,252
4726944,1166833,2,190
3893454,1166825,2,213
3893454,1166824,2,213
5710036,1166835,2,160
2223,1166835,2,360
2223,1166834,2,360
1166834,2220,2,420
3765443,1166838,2,209
1166834,2222,2,480
1166841,1724,2,180
3765443,1166839,2,209
1166839,4008281,2,201
5150763,1166832,2,207
5150763,1166833,2,207
5710036,1166834,2,160
5018386,1166834,2,213
4726945,1166833,2,197
1166835,3442415,2,152
5018386,1166835,2,213
4726945,1166832,2,197
1166835,3442416,2,152
1166835,4036986,2,189
1166829,3765298,2,406
1166835,4036985,2,200
4036870,1166835,2,189
1166832,1955,2,420
1166832,1956,2,180
1166834,4651135,2,209
1166832,4036205,2,263
1166834,3926439,2,160
1166832,4036207,2,249
1166834,4651134,2,243
1166832,4036206,2,197
3812919,1166835,2,230
3812919,1166834,2,230
1166835,4651135,2,209
1166835,4651134,2,243
4036870,1166834,2,189
1166824,3765262,2,243
1166824,3765261,2,268
4798881,1166826,2,252
1166833,3926339,2,213
4798881,1166827,2,252
1166833,4037184,2,249
5675635,1166828,2,421
1166833,4037183,2,258
5675635,1166829,2,421
4009664,1166840,2,225
1166830,1956,2,900
2117,1166830,2,180
2117,1166831,2,180
4009664,1166841,2,225
1166833,4036207,2,249
1166833,4036205,2,263
1166833,4036206,2,197
1166841,4036827,2,254
1166833,3764979,2,258
1166833,3764980,2,263
5727629,1166835,2,308
5727629,1166834,2,308
1166834,3764660,2,252
1166834,3764661,2,199
1166831,2211,2,900
3812967,1166835,2,243
1166835,4036649,2,314
1166835,4036648,2,213
3812967,1166834,2,243
1166841,4459239,2,226
1166841,4459240,2,216
1166832,3926299,2,249
1166832,3926298,2,263
5727628,1166835,2,160
4009640,1166838,2,343
4009640,1166839,2,343
5727628,1166834,2,160
1166834,4016265,2,221
6129305,5138170,2,252
6129305,5138171,2,288
1166840,4036827,2,254
3764548,1166835,2,314
3764548,1166834,2,314
3716966,1166833,2,189
3716966,1166832,2,189
1166835,1967,2,480
1166835,1965,2,420
1166835,4036769,2,240
1166826,3887747,2,279
1166835,4036768,2,213
5747304,1166841,2,226
5747304,1166840,2,226
1166835,4036767,2,246
1166835,3687428,2,246
3716920,1166828,2,421
4726740,1166835,2,256
3716920,1166829,2,421
4726740,1166834,2,256
4726946,1166833,2,207
4726946,1166832,2,207
1166841,4473192,2,247
1166841,4473191,2,225
1166835,4016327,2,308
4996974,1166832,2,205
1166834,4016268,2,314
1166835,4036822,2,314
1166835,4016326,2,243
1966,1166835,2,360
1966,1166834,2,360
1166834,4016266,2,221
1166834,4016267,2,160
1166835,4016325,2,177
1722,1166840,2,180
1166835,4016324,2,243
1722,1166841,2,180
4996974,1166833,2,205
6673109,1166835,2,207
4723802,1166829,2,422
4723802,1166828,2,422
6673109,1166834,2,207
4726947,1166833,2,215
4726947,1166832,2,215
3740515,1166840,2,214
1166841,4473190,2,225
3740515,1166841,2,214
1166833,3747837,2,249
3687302,1166834,2,294
3687302,1166835,2,294
1166832,2211,2,180
1166832,2210,2,240
1166841,1715,2,140
1723,1166841,2,180
1723,1166840,2,180
3716899,1166829,2,351
1166832,3926339,2,213
3764510,1166835,2,246
6114730,1166834,2,265
3716926,1166832,2,189
3716899,1166828,2,351
3716926,1166833,2,189
6114730,1166835,2,265
1166833,4035992,2,255
4843804,1166827,2,217
1166833,4035990,2,249
3764510,1166834,2,246
1166833,4035991,2,263
4843804,1166826,2,217
3740517,1166841,2,269
1166840,5018190,2,254
1166840,3747810,2,195
3740517,1166840,2,269
5231612,1166833,2,197
5231612,1166832,2,197
1166834,4770183,2,256
1166840,5018192,2,226
4472691,1166840,2,254
1166834,4770182,2,199
4472691,1166841,2,254
1166834,4770181,2,243
1166834,4770184,2,209
1166835,3926439,2,160
6129304,5138171,2,288
3926217,1166840,2,205
6129304,5138170,2,252
3926217,1166841,2,205
3765151,1166840,2,254
6251745,1166835,2,235
3765151,1166841,2,254
5747305,1166840,2,241
5747305,1166841,2,241
6251745,1166834,2,235
3926206,6129304,2,252
1166834,3926387,2,246
6114724,1166834,2,221
3926206,6129305,2,252
6114724,1166835,2,221
1166840,3747809,2,195
4726914,1166840,2,199
4997022,1166833,2,190
3343766,1166838,2,180
4997022,1166832,2,190
1166840,4045022,2,192
3343766,1166839,2,180
1166840,2460,2,140
1166833,4035989,2,197
5675636,1166829,2,385
1166832,4459260,2,249
5675636,1166828,2,385
4726914,1166841,2,199
1166834,3442416,2,152
5709979,1166835,2,243
1166834,3442415,2,152
5709979,1166834,2,243
1166835,3687469,2,241
1166833,4035988,2,207
1166840,2469,2,180
5018338,1166835,2,241
3764766,1166841,2,247
5675642,1166833,2,249
5675642,1166832,2,249
5018338,1166834,2,241
3893453,1166825,2,268
3764766,1166840,2,247
1166832,4036640,2,258
2221,1166834,2,360
2221,1166835,2,360
3893484,1166825,2,243
3893484,1166824,2,243
2467,1166841,2,180
1166840,5657328,2,214
6129304,5138033,2,252
2467,1166840,2,180
3893453,1166824,2,268
6591541,1166834,2,204
6591541,1166835,2,204
1166838,3811234,2,234
1166838,3811235,2,343
1166834,1967,2,480
6217417,1166840,2,247
6217417,1166841,2,247
1166834,1965,2,420
1166835,2220,2,420
1166835,2222,2,480
1166835,4459253,2,221
1166835,4459252,2,246
4471843,1166832,2,190
4471843,1166833,2,190
1166835,6591456,2,200
1166841,3747810,2,195
1166835,6591457,2,204
1166839,3811284,2,201
1166832,3673588,2,263
5709848,1166826,2,252
1166832,3673587,2,258
5709848,1166827,2,252
1166835,3764812,2,160
3716924,1166831,2,196
1166838,3811284,2,201
1166835,3764811,2,243
3716924,1166830,2,196
3764738,1166841,2,265
3764738,1166840,2,265
1166833,2211,2,180
5158083,1166841,2,216
5158083,1166840,2,216
1166835,3926387,2,246
1166832,3813085,2,197
1166841,3764795,2,202
1166832,3813084,2,190
1166832,3813083,2,258
5710037,1166835,2,243
5710037,1166834,2,243
5454895,1166834,2,314
1166832,3813082,2,319
5454895,1166835,2,314
6114723,1166834,2,221
1166841,3764794,2,202
1166841,3747809,2,195
5454894,1166835,2,282
5454894,1166834,2,282
6114723,1166835,2,221
3716961,1166829,2,385
3716960,1166829,2,421
3716961,1166828,2,385
3716960,1166828,2,421
1166831,3813089,2,216
1166832,3813086,2,189
1166830,4035984,2,196
1166830,4035985,2,216
3687089,1166835,2,294
3687089,1166834,2,294
1166833,3673588,2,263
1166833,3673587,2,258
4037262,1166833,2,258
1166830,2211,2,900
4037262,1166832,2,258
1166833,4459260,2,249
2435,6129305,2,180
1166841,4045022,2,192
2435,6129304,2,180
3765257,1166832,2,198
6129304,3893345,2,269
3765257,1166833,2,198
6129304,3893346,2,201
1166826,3765300,2,217
1166832,4044996,2,263
4009639,1166838,2,209
4009639,1166839,2,209
1166834,2036,2,180
4726915,1166840,2,199
4726915,1166841,2,199
1166828,3765266,2,384
5710038,1166835,2,314
1166834,2155,2,180
5710038,1166834,2,314
1166829,3765266,2,384
1757,6129305,2,180
1757,6129304,2,180
1166839,3811235,2,343
1166839,3811234,2,234
4473118,1166840,2,254
4473118,1166841,2,254
6114731,1166834,2,256
6114731,1166835,2,256
5018399,1166834,2,241
3740516,1166840,2,254
3740516,1166841,2,254
1166831,1956,2,900
5018399,1166835,2,241
1166841,4036749,2,216
1166834,3687469,2,241
1166833,2210,2,240
1166839,4008206,2,234
1166839,4008207,2,343
1166834,4016324,2,243
1166834,4016326,2,243
1166841,4036747,2,226
1166841,5018190,2,254
6217415,1166841,2,231
1166834,4016325,2,177
1166841,4036748,2,227
6217415,1166840,2,231
1166841,5018192,2,226
1166834,4016327,2,308
4843406,1166826,2,248
4843406,1166827,2,248
6129305,3893346,2,201
5709980,1166835,2,314
5709980,1166834,2,314
4843405,1166827,2,217
4843405,1166826,2,217
1166841,5657268,2,199
4472773,1166840,2,192
4472773,1166841,2,192
6129305,3893345,2,269
1166833,1956,2,180
1166841,5657267,2,189
1166833,1955,2,420
4726943,1166832,2,258
4726943,1166833,2,258
5325152,1166828,2,422
5325152,1166829,2,422
6251746,1166835,2,235
6251746,1166834,2,235
2336,1166839,2,180
1166830,3813090,2,196
2336,1166838,2,180
6129305,3764805,2,201
6129305,3764804,2,269
4726963,1166841,2,200
4726963,1166840,2,200
4037283,1166841,2,226
3893483,1166825,2,205
3893483,1166824,2,205
4037283,1166840,2,226
3687242,1166835,2,282
3687242,1166834,2,282
1166830,3813089,2,216
3893480,1166826,2,248
5709978,1166834,2,160
3893480,1166827,2,248
5709978,1166835,2,160
1166835,3764845,2,308
1166827,3765264,2,248
3716900,1166829,2,401
3716900,1166828,2,401
1166827,4798880,2,252
1166840,5657268,2,199
4009642,1166841,2,269
1166840,5657267,2,189
1166835,2036,2,180
4009642,1166840,2,269
1166840,3749688,2,214
1166840,3749689,2,189
2219,1166834,2,180
1166840,3749691,2,247
1166840,3749690,2,192
1166840,4036661,2,227
1166840,4036660,2,254
2219,1166835,2,180
4996976,1166833,2,258
4996976,1166832,2,258
3926205,6129304,2,201
6129304,3764805,2,201
3926205,6129305,2,201
6129304,3764804,2,269
3812918,1166835,2,230
1166840,3764795,2,202
1166840,3764794,2,202
3716895,1166833,2,197
3716895,1166832,2,197
1166831,3813090,2,196
3812918,1166834,2,230
1166834,3687428,2,246
5478364,1166828,2,405
5478364,1166829,2,405
1166826,4798880,2,252
5158081,1166841,2,226
3893485,1166824,2,213
3893485,1166825,2,213
5158081,1166840,2,226
4997023,1166832,2,198
1166828,3765298,2,406
4996977,1166832,2,319
4997023,1166833,2,198
4996977,1166833,2,319
1166834,4036822,2,314
1166825,3765262,2,243
5747306,1166841,2,216
5747306,1166840,2,216
4037787,1166835,2,240
4037787,1166834,2,240
1166841,4035039,2,225
1166841,4036660,2,254
1166841,4035038,2,225
1166841,4036661,2,227
3764739,1166841,2,247
3764739,1166840,2,247
1166825,3765261,2,268
4473117,1166840,2,231
1166841,4016359,2,205
4473117,1166841,2,231
3765153,1166840,2,226
1166835,4037196,2,221
3765153,1166841,2,226
1166835,4037197,2,198
3687088,1166834,2,246
1166835,4037198,2,246
1166835,4037199,2,308
3765194,1166833,2,220
1166835,2155,2,180
3765194,1166832,2,220
3687088,1166835,2,246
1166840,4035039,2,225
1166840,4035038,2,225
1166834,4036985,2,200
1964,1166835,2,180
1166834,4036986,2,189
1964,1166834,2,180
1166834,4037198,2,246
1166834,4037197,2,198
1166834,4037196,2,221
1166840,1724,2,180
1166834,4037199,2,308
1166840,4459239,2,226
1166841,2460,2,140
5478238,1166829,2,405
5231613,1166832,2,249
5231613,1166833,2,249
5478238,1166828,2,405
1166840,4459240,2,216
4723801,1166829,2,405
4723801,1166828,2,405
4473119,1166840,2,247
4037788,1166835,2,308
4037788,1166834,2,308
3740559,1166841,2,192
3893486,1166825,2,268
1166840,1715,2,140
1166826,3765264,2,248
3740559,1166840,2,192
5675649,1166829,2,401
4473119,1166841,2,247
5675649,1166828,2,401
3716921,1166828,2,385
1166832,4037183,2,258
1166832,4037184,2,249
3716921,1166829,2,385
4472689,1166840,2,206
4472689,1166841,2,206
1166841,2469,2,180
3893486,1166824,2,268
