from_stop_id,to_stop_id,transfer_type,min_transfer_time
4037246,2429,2,225
3765289,1751,2,252
4996981,2062,2,209
4037774,1945,2,253
4037177,2443,2,215
4037196,2155,2,221
3926439,2155,2,160
4109729,2154,2,247
4037209,1945,2,253
3764731,1945,2,240
3764508,2331,2,234
6195714,2283,2,270
3813549,2429,2,218
6114723,2288,2,245
5018338,2155,2,241
4022907,1856,2,196
3893471,1945,2,240
5727628,2036,2,160
5675644,2210,2,373
6217406,2147,2,191
4109728,2154,2,194
4037202,1688,2,269
3749909,2200,2,200
3748082,2429,2,213
4022917,2283,2,286
3926288,2371,2,210
6423503,2067,2,302
2238,1887,2,180
4146116,2371,2,269
1964,2155,2,109
3748093,2111,2,205
2063,2111,2,100
3764983,2111,2,195
5251749,1755,2,216
4037746,2283,2,230
4037231,2433,2,227
3343763,1980,2,180
1968,2155,2,360
4037787,2036,2,240
4037208,2544,2,210
4036648,2155,2,213
5454895,2036,2,314
3926299,1955,2,189
4037198,2036,2,246
4472665,2342,2,269
4016363,2383,2,270
6423501,2067,2,223
2154,5922159,2,229
3749983,2028,2,207
3813086,2210,2,359
4009638,1980,2,202
5709885,2470,2,224
3764845,2036,2,308
6664351,1832,2,269
4022995,2342,2,239
4022906,2323,2,234
3343791,1698,2,180
1966,2155,2,298
4037174,1832,2,196
6423507,2154,2,198
3748070,2429,2,257
3748055,2111,2,287
5709884,1725,2,260
3747837,1955,2,189
4037775,2083,2,210
3343764,2170,2,180
5727630,2331,2,251
3740315,2028,2,201
2433,4035035,2,186
2025,2544,2,59
1946,1945,2,300
4022898,2028,2,241
4037222,1856,2,292
3812918,2036,2,230
4022913,2342,2,296
5761325,2433,2,216
4037162,2035,2,208
4037216,2147,2,259
4036206,1955,2,373
4037213,1961,2,196
3813311,2429,2,215
5709884,2470,2,260
4037788,2155,2,308
4036869,2155,2,199
3926288,1832,2,210
3926289,1832,2,196
3687078,2111,2,191
3813086,1955,2,359
4036219,2154,2,204
4044994,2111,2,241
6613853,2433,2,230
3764548,2036,2,314
3813011,1755,2,249
6591456,2036,2,200
1833,1832,2,72
4472670,2323,2,196
3764980,2210,2,383
3687085,1892,2,226
5251748,2433,2,216
4651134,2036,2,243
6664352,2371,2,269
3687239,1864,2,212
4036205,2210,2,383
3764846,1773,2,191
3343785,2062,2,180
4024791,2283,2,267
2154,5922160,2,193
4037758,2323,2,196
4036768,2036,2,213
3747834,2111,2,197
3672107,2429,2,257
5709978,2036,2,160
3926387,2036,2,246
4016270,1864,2,216
4997020,2111,2,197
1755,4473170,2,222
1755,4473171,2,230
5710038,2036,2,314
4037200,1864,2,233
4036765,2331,2,234
3926287,2371,2,280
3765442,2170,2,209
5727632,2498,2,269
3764732,2200,2,208
4016362,1773,2,286
5018386,2155,2,213
4037770,2216,2,196
5709890,2067,2,302
2201,1945,2,300
2289,1892,2,144
4037220,2433,2,264
4022892,2200,2,253
4036194,2116,2,223
6591541,2155,2,204
4022887,2170,2,222
4770181,2155,2,243
2433,4035040,2,222
3877767,1803,2,252
4037762,1755,2,227
3813084,1955,2,310
6423504,2154,2,204
4146147,2371,2,269
3764811,2155,2,243
5018399,2155,2,241
4022943,2433,2,186
3672106,2429,2,225
4037201,1773,2,191
3922294,2154,2,234
2211,2210,2,219
5710037,2036,2,243
4024289,2342,2,211
4024196,2283,2,255
4022940,1933,2,275
1956,1955,2,247
6423506,2154,2,201
3747959,2154,2,201
4035988,1955,2,356
6114732,1892,2,226
3764661,2036,2,199
4037164,2067,2,302
4037246,1751,2,225
3672263,1751,2,225
4037262,1955,2,198
4037187,2062,2,195
2035,3685679,2,219
4022897,2216,2,245
4459250,2331,2,216
3812918,2288,2,272
4035990,1955,2,189
4770184,2155,2,209
3764660,2155,2,252
4037189,2111,2,209
4022953,1945,2,240
5709888,2116,2,223
3926293,1698,2,197
3672237,2371,2,269
6195714,1887,2,299
4037243,2062,2,241
4009365,2283,2,233
6114724,1892,2,245
3893399,1773,2,233
4036207,2210,2,189
4035992,2210,2,195
4037220,1755,2,264
4037199,2155,2,308
3764742,1945,2,262
4022920,1887,2,291
3685861,2035,2,208
4037233,1755,2,186
3811236,2170,2,211
3747868,2111,2,195
5231612,2210,2,373
4037789,2331,2,233
4037166,2067,2,223
3672171,1751,2,225
3687091,2383,2,191
4036986,2036,2,189
4022943,1755,2,186
3749780,2383,2,216
4024020,2283,2,286
1893,2288,2,192
4036218,2067,2,259
4016324,2036,2,243
3749781,2383,2,216
4036822,2155,2,314
6217405,2028,2,208
4036649,2036,2,314
5018182,2147,2,257
4037790,2383,2,191
4726948,2062,2,195
4037765,2098,2,200
4035991,2210,2,383
6114731,2155,2,256
3764731,2200,2,240
4016742,1803,2,296
3343786,2062,2,180
4024019,2283,2,278
3685860,2154,2,201
6591847,2155,2,241
4016324,2155,2,243
6423500,2116,2,225
4016268,2036,2,314
2201,2200,2,300
4009637,2170,2,239
5709891,2154,2,204
3813085,2210,2,373
6114724,2036,2,221
3813139,2028,2,224
4726942,2210,2,259
3812920,2155,2,160
4028764,2035,2,247
4016265,1892,2,245
4035988,2210,2,356
4023368,2342,2,274
3748082,1751,2,213
3764807,2383,2,270
4036191,2035,2,234
4035992,1955,2,195
3764984,2062,2,216
5727630,1864,2,251
4022920,2283,2,278
4037262,2210,2,198
4016267,2036,2,160
4651135,2155,2,209
4146147,1832,2,269
5727629,2155,2,308
3687090,2331,2,251
4459257,2111,2,209
3716966,2210,2,359
4036642,2062,2,195
2149,2028,2,68
2148,2147,2,52
3442416,2036,2,152
4016266,2155,2,221
3687696,2154,2,193
3765257,1955,2,376
5709889,2067,2,259
4459258,2111,2,241
4016743,2342,2,269
3672170,1832,2,269
6591847,2288,2,223
2531,2371,2,151
5709885,1725,2,224
5454896,1864,2,234
3672264,2429,2,257
4037229,2342,2,269
6456027,2283,2,311
3747937,1698,2,221
3687695,2154,2,204
1803,4473168,2,207
6114723,2036,2,221
1803,4473169,2,269
5657315,1751,2,236
4016269,1864,2,234
4022901,2098,2,207
3813011,2433,2,249
4024843,2283,2,261
3749982,2028,2,207
4997023,2210,2,376
4037250,2067,2,225
3764617,2036,2,213
3687251,2111,2,209
4037223,2323,2,234
2289,2288,2,168
2154,3685788,2,219
4459253,1892,2,245
4037214,2216,2,245
3687469,2155,2,241
2154,3685789,2,201
3687698,2154,2,215
4037765,2048,2,200
4024291,2258,2,290
4023408,2258,2,290
3687253,2062,2,216
3749908,1945,2,190
4037231,1755,2,227
2030,2147,2,74
4022903,1755,2,264
4037247,2429,2,257
3687252,2111,2,191
4015824,2258,2,290
4472658,2283,2,230
3716895,2210,2,373
3813548,2429,2,225
4770182,2036,2,199
3687300,2062,2,205
6423502,2116,2,259
2084,2147,2,211
4036220,2154,2,194
4996975,2210,2,400
6114729,2155,2,265
3811240,2544,2,229
6114731,1892,2,226
2154,3685790,2,208
2154,3685791,2,204
3747936,2443,2,197
4472696,1755,2,230
4028763,2154,2,234
4037768,2028,2,241
4009365,1887,2,233
3813194,2433,2,230
6423502,2067,2,259
4037207,2544,2,229
3672263,2429,2,225
4037785,2036,2,243
1803,4035033,2,207
1803,4035034,2,269
3764615,1892,2,212
3672168,1751,2,213
5018183,2028,2,203
5709888,2067,2,223
4037161,2154,2,194
4726949,2111,2,209
4726946,2210,2,356
3672262,2371,2,269
4037234,2098,2,200
3747960,2035,2,216
3813082,1955,2,259
3687253,2111,2,216
5454893,1892,2,226
3687428,2036,2,246
2029,2147,2,64
4023368,1803,2,274
3813079,2062,2,241
4028837,2035,2,247
6251746,2288,2,239
4472697,2433,2,264
4024814,2283,2,267
4472670,1856,2,196
1835,1832,2,230
4472671,2323,2,234
4037764,1755,2,186
4037160,2035,2,207
5761326,1755,2,216
4037196,2036,2,221
4472663,1933,2,275
4016742,2342,2,296
6423505,2154,2,208
6114730,1892,2,199
1913,2283,2,180
6673109,2155,2,207
5657318,2371,2,272
3672237,1832,2,269
5727631,1773,2,191
6114732,2155,2,256
3813139,2147,2,224
3749983,2147,2,207
6114729,1892,2,199
6664353,1832,2,201
4037795,2048,2,207
4726945,2210,2,373
4024288,1803,2,211
3685862,2035,2,204
3764808,1864,2,216
6251746,2036,2,235
4726747,2028,2,224
4016329,2331,2,216
2144,2544,2,72
3748071,2470,2,224
4037166,2116,2,223
3813137,2147,2,284
5454895,2155,2,314
4459253,2036,2,221
4022891,2083,2,210
3687087,2036,2,282
4016265,2288,2,245
5709892,2035,2,193
3687123,2062,2,241
2223,2155,2,360
4022902,2433,2,222
3442415,2036,2,152
3813549,1751,2,218
3716877,1980,2,202
4036765,1864,2,234
4037195,2288,2,226
3672235,1751,2,213
4022994,2342,2,216
6309089,1933,2,303
5657314,2429,2,252
4726740,1892,2,226
4037793,1980,2,202
6664357,1832,2,219
4022892,1945,2,253
4036768,2155,2,213
3343791,2443,2,180
4008849,2028,2,208
4146114,2429,2,265
4997022,2210,2,310
4770183,2155,2,256
4037163,2035,2,204
3926377,1751,2,257
4016737,2283,2,286
4037169,2429,2,213
2339,1832,2,90
5454907,1892,2,226
1774,1773,2,54
4037769,2216,2,245
4037174,2371,2,196
1966,2036,2,264
5709980,2036,2,314
4037747,2283,2,230
4023410,1933,2,275
4037210,2200,2,235
3813138,2147,2,205
4037776,2544,2,229
3690067,2429,2,213
3813102,2111,2,195
4037162,2154,2,208
5727702,2155,2,243
3672106,1751,2,225
5454907,2288,2,226
2222,2036,2,400
2035,5922225,2,201
2035,5922224,2,204
1166834,2155,2,180
3749781,1773,2,216
3749779,2383,2,226
3343792,2443,2,180
2035,3685682,2,204
4037195,1892,2,226
4459253,2288,2,245
4726943,1955,2,198
4022944,2098,2,200
4036643,2111,2,191
4016266,2288,2,245
1967,2036,2,400
6591457,2036,2,204
4016265,2036,2,221
4028836,2154,2,234
4008223,2028,2,208
3765441,1980,2,239
2035,3685681,2,208
2035,3685680,2,201
4037169,1751,2,213
4037795,2098,2,207
4037210,1945,2,235
3764615,2288,2,212
4024792,2283,2,286
3672170,2371,2,269
3926292,2443,2,215
4037759,1856,2,234
3812967,2155,2,243
4036870,2036,2,189
2112,2111,2,96
4022912,1803,2,269
2545,2147,2,254
4726945,1955,2,373
3687241,2036,2,246
4036192,2035,2,208
4037752,2342,2,207
4037787,2288,2,237
4044993,2111,2,197
3740325,2147,2,203
4037769,1961,2,245
3811241,2083,2,210
4035991,1955,2,383
1651,2371,2,166
1166833,1955,2,420
2384,1773,2,89
4459252,2036,2,246
6217406,2028,2,191
4023032,2083,2,210
3926377,2429,2,257
2172,1980,2,119
4036769,2155,2,240
4016327,2036,2,308
3877770,1933,2,290
4022899,2028,2,259
4016326,2155,2,243
4037751,2258,2,275
4024197,1887,2,299
4016328,2331,2,233
4024110,2283,2,286
3687088,2036,2,246
3672264,1751,2,257
4726740,2288,2,226
4022893,2200,2,235
4037789,1864,2,233
4036217,2067,2,225
5231611,1955,2,383
3811237,2170,2,239
3764983,2062,2,195
6251745,2036,2,235
2116,5922222,2,265
2116,5922223,2,259
3673588,2210,2,383
3764513,2288,2,226
4022918,2283,2,311
4472672,1856,2,292
3813083,2210,2,198
4037770,1961,2,196
2172,2170,2,96
3926376,1751,2,257
4024344,2283,2,270
4044996,1955,2,383
3813010,2433,2,250
3687302,2036,2,294
4016325,2155,2,177
5251748,1755,2,216
3764979,1955,2,198
4146115,2429,2,213
3813193,2433,2,222
3926384,1864,2,244
4035989,1955,2,373
3687242,2155,2,282
3748072,1725,2,260
4036767,2036,2,246
4037165,2116,2,259
4022907,2323,2,196
1835,2371,2,222
6664354,2371,2,252
5478405,2154,2,201
3765256,1955,2,390
5675643,1955,2,286
3716942,1980,2,239
4037201,2383,2,191
5231611,2210,2,383
4037243,2111,2,241
6114730,2036,2,265
3764846,2383,2,191
3765289,2429,2,252
3747835,2062,2,241
4037265,2062,2,209
3877768,1803,2,252
4471843,2210,2,310
4016330,2383,2,191
3764615,2036,2,252
4996977,2210,2,259
4037762,2433,2,227
4037202,2498,2,269
6423486,2371,2,189
5709894,2035,2,218
1965,2155,2,250
3764510,2036,2,246
4024109,2283,2,278
6251745,2288,2,239
4008222,2028,2,191
3690067,1751,2,213
4037786,2036,2,198
3893399,2383,2,233
3764616,2036,2,199
4036647,2288,2,226
3893408,2083,2,210
4008848,2028,2,191
3687085,2288,2,226
3748057,2062,2,216
4022912,2342,2,269
4996980,2062,2,195
6456076,2283,2,286
3687079,2062,2,209
4726739,2036,2,243
6416985,1751,2,265
4036985,2155,2,200
2338,1832,2,74
3716895,1955,2,373
5150763,2210,2,279
1166835,2155,2,180
4037751,1933,2,275
4798794,2035,2,194
4037219,1755,2,222
3747837,2210,2,189
4022944,2048,2,200
4037234,2048,2,200
4459260,2210,2,189
5675644,1955,2,373
3764809,1864,2,233
5018181,2147,2,279
4022902,1755,2,222
5454894,2036,2,282
4024169,2283,2,270
2238,2283,2,180
5710039,2331,2,234
3764506,2383,2,201
3877767,2342,2,252
4037204,2170,2,211
3813078,2062,2,264
3687697,2035,2,201
3687078,2062,2,191
3926385,1864,2,244
4037215,2147,2,241
2220,2155,2,210
3813194,1755,2,230
5709890,2116,2,302
6251746,1892,2,239
5710036,2155,2,160
6423504,2035,2,204
4472674,2433,2,227
4009637,1980,2,239
4726740,2036,2,256
3764812,2155,2,160
4037197,2155,2,198
5150763,1955,2,279
3343785,2111,2,180
3687430,2288,2,226
5231613,2210,2,189
3812919,2155,2,230
5657315,2429,2,236
5478404,2035,2,207
5709979,2036,2,243
3747937,2443,2,221
6114730,2288,2,199
3672105,1832,2,269
4726944,2210,2,310
4037760,2323,2,292
3716926,2210,2,359
2339,2371,2,90
4037787,1892,2,237
3748094,2111,2,220
5709893,2035,2,201
3686057,2154,2,234
1982,2170,2,96
4726938,2062,2,197
4037184,2210,2,189
4037767,2028,2,259
3764770,2200,2,262
3764511,2036,2,282
4037222,2323,2,292
4037787,2155,2,240
3748066,1832,2,201
3926387,2155,2,246
4044994,2062,2,241
3687252,2062,2,191
3764808,2331,2,216
3749721,2342,2,239
5231613,1955,2,189
4037790,1773,2,191
3765256,2210,2,390
5710038,2155,2,314
5675643,2210,2,286
4996980,2111,2,195
5018181,2028,2,279
1833,2371,2,72
4016744,1803,2,239
4037797,2433,2,264
4024821,2283,2,286
5018399,2036,2,241
3764807,1773,2,270
3813548,1751,2,225
4016362,2383,2,286
3764845,2155,2,308
3765193,1955,2,355
4473121,2433,2,230
4037250,2116,2,225
4016741,1933,2,275
4459250,1864,2,216
3690068,2429,2,213
2342,4473168,2,207
6423508,2371,2,247
2342,4473169,2,269
3748069,2429,2,225
4036206,2210,2,373
3807576,1773,2,226
3926287,1832,2,280
5454893,2288,2,226
3673587,1955,2,198
3877770,2258,2,290
4037173,1832,2,210
4459260,1955,2,189
4037216,2028,2,259
4726944,1955,2,310
3695558,2288,2,226
5775568,2283,2,211
3764980,1955,2,383
4109728,2035,2,194
3747869,2111,2,209
3765194,1955,2,400
4036193,2116,2,302
2149,2147,2,20
3343786,2111,2,180
4037213,2216,2,196
5775569,1887,2,299
4472664,1803,2,207
5018338,2036,2,241
4037196,2288,2,245
4022913,1803,2,296
4022887,1980,2,222
4037187,2111,2,195
1964,2036,2,89
4472674,1755,2,227
3812919,1892,2,272
1834,2371,2,90
1946,2200,2,300
3672235,2429,2,213
3764984,2111,2,216
4037198,2155,2,246
3764979,2210,2,198
6309089,2258,2,303
6423508,1832,2,247
3687089,2036,2,294
4037171,1832,2,247
3893408,2544,2,210
4037208,2083,2,210
4009366,2283,2,415
5018386,2036,2,213
4022940,2258,2,275
1968,2036,2,360
5709887,2116,2,225
3764660,1892,2,212
3672168,2429,2,213
4726713,1773,2,226
3685860,2035,2,201
4036764,1864,2,216
4037791,2498,2,269
5018399,2288,2,223
3748093,2062,2,205
4472665,1803,2,269
4023962,2283,2,278
3748056,2111,2,264
5018182,2028,2,257
6591541,2036,2,204
3716877,2170,2,202
3926385,2331,2,244
5761326,2433,2,216
2147,4035036,2,208
5709889,2116,2,259
2147,4035037,2,191
4023367,1803,2,310
4015824,1933,2,290
3764742,2200,2,262
6423507,2035,2,198
5709981,1864,2,234
4037183,1955,2,198
3922294,2035,2,234
3764809,2331,2,233
3747868,2062,2,195
3748071,1725,2,224
4022890,2083,2,229
4037200,2331,2,233
5710037,2155,2,243
3764811,2036,2,243
3749720,2342,2,216
3813310,2429,2,224
4146115,1751,2,213
4037758,1856,2,196
4996976,1955,2,198
3926389,2288,2,205
3812918,2155,2,230
3740315,2147,2,201
4037774,2200,2,253
4037248,2470,2,192
3687469,1892,2,223
4037796,1755,2,222
3926292,1698,2,215
3926439,2036,2,160
4726939,2111,2,241
4044996,2210,2,383
3716894,1955,2,390
4022897,1961,2,245
6591456,2155,2,200
3813078,2111,2,264
3765442,1980,2,209
4036219,2035,2,204
3764806,2383,2,286
4036869,2036,2,199
4022898,2147,2,241
3687302,2155,2,294
4036647,1892,2,226
4726947,1955,2,395
4997021,2062,2,241
4024345,2283,2,286
4037773,1945,2,235
5727628,2155,2,160
4037189,2062,2,209
4651134,2155,2,243
4024169,1887,2,299
1913,1887,2,180
4726946,1955,2,356
4037188,2111,2,191
5675642,2210,2,189
4037759,2323,2,234
3687430,1892,2,226
5018338,2288,2,223
4036642,2111,2,195
3764507,1864,2,216
4009638,2170,2,202
4996975,1955,2,400
5151257,2283,2,286
4770181,2036,2,243
5710040,2331,2,207
4037214,1961,2,245
3749780,1773,2,216
3687698,2035,2,215
3672238,2429,2,225
4996974,1955,2,363
4036986,2155,2,189
4036649,2155,2,314
4022896,1961,2,196
3748094,2062,2,220
6217405,2147,2,208
4037776,2083,2,229
4023963,2283,2,286
2063,2062,2,75
1166832,1955,2,420
6591847,2036,2,241
4471844,1955,2,355
2219,2036,2,104
6114731,2036,2,256
3749908,2200,2,190
4459257,2062,2,209
3687469,2288,2,223
4037219,2433,2,222
2154,3685679,2,219
4036220,2035,2,194
4146145,2429,2,265
4016269,2331,2,234
4037797,1755,2,264
3812920,2036,2,160
6613853,1755,2,230
4037209,2200,2,253
4037164,2116,2,302
4472672,2323,2,292
4024291,1933,2,290
3687090,1864,2,251
5709891,2035,2,204
4726947,2210,2,395
4022896,2216,2,196
3716894,2210,2,390
4028764,2154,2,247
4036191,2154,2,234
3343764,1980,2,180
4037264,2111,2,195
5709978,2155,2,160
2154,5922224,2,204
2154,5922225,2,201
3926376,2429,2,257
3764661,2155,2,199
6114723,1892,2,245
3687300,2111,2,205
4008208,2170,2,222
3813085,1955,2,373
4146146,2429,2,213
2154,3685680,2,201
2154,3685681,2,208
3747959,2035,2,201
2154,3685682,2,204
2035,3685790,2,208
2035,3685791,2,204
3813077,2111,2,287
4024259,2283,2,255
3748066,2371,2,201
6664351,2371,2,269
3764548,2155,2,314
4651135,2036,2,209
6114731,2288,2,226
4471844,2210,2,355
2338,2371,2,89
6195713,2283,2,279
4037229,1803,2,269
4996976,2210,2,198
2302,2371,2,253
4037773,2200,2,235
2035,3685788,2,219
4037788,2036,2,308
4473121,1755,2,230
4997022,1955,2,310
3687238,1864,2,212
3811243,2200,2,194
1956,2210,2,225
4016363,1773,2,270
5710040,1864,2,207
4037199,2036,2,308
3893471,2200,2,240
5727634,2170,2,211
3685861,2154,2,208
2035,3685789,2,201
1834,1832,2,90
3813310,1751,2,224
3749779,1773,2,226
3687239,2331,2,212
2030,2028,2,86
3764507,2331,2,216
3687469,2036,2,241
4471843,1955,2,310
4146145,1751,2,265
3764617,2155,2,213
2035,3685733,2,219
3765193,2210,2,355
6423488,2371,2,201
4036207,1955,2,189
4016744,2342,2,239
2035,3685734,2,201
3813103,2111,2,220
3926299,2210,2,189
2035,3685735,2,208
2035,3685736,2,204
5454896,2331,2,234
5775569,2283,2,270
6673110,2036,2,207
4024288,2342,2,211
3687123,2111,2,241
4472663,2258,2,275
4726943,2210,2,198
4036640,2210,2,198
4016268,2155,2,314
3813193,1755,2,222
4037796,2433,2,222
4770182,2155,2,199
6114724,2155,2,221
2221,2036,2,255
3813311,1751,2,215
2084,2028,2,196
4146114,1751,2,265
4036650,1864,2,234
6423503,2116,2,302
4016736,2283,2,291
4036822,2036,2,314
2067,5922223,2,259
4037768,2147,2,241
4037233,2433,2,186
3811242,1945,2,200
4036648,2036,2,213
6114729,2036,2,265
2067,5922222,2,265
3747834,2062,2,197
3764660,2288,2,212
4997020,2062,2,197
6664352,1832,2,269
1893,1892,2,175
3764660,2036,2,252
5727629,2036,2,308
3926298,1955,2,383
4016267,2155,2,160
4016328,1864,2,233
3926298,2210,2,383
3747936,1698,2,197
3811240,2083,2,229
4037196,1892,2,245
2028,4035037,2,191
2028,4035036,2,208
4770184,2036,2,209
3442416,2155,2,152
3749721,1803,2,239
3748084,1832,2,247
4037183,2210,2,198
3687696,2035,2,193
3764506,1773,2,201
6423506,2035,2,201
4036640,1955,2,198
4037230,1803,2,207
4016266,2036,2,221
4037171,2371,2,247
2148,2028,2,60
3813082,2210,2,259
4036194,2067,2,223
4037791,1688,2,269
4023367,2342,2,310
3926389,1892,2,205
3687238,2331,2,212
3749720,1803,2,216
3749982,2147,2,207
6423501,2116,2,223
4022941,1755,2,227
6114723,2155,2,221
1166832,2210,2,240
6423487,2371,2,201
6591457,2155,2,204
3687695,2035,2,204
4016265,2155,2,221
4023408,1933,2,290
4036650,2331,2,234
4024844,2283,2,286
3813010,1755,2,250
3813084,2210,2,310
4726747,2147,2,224
6251746,2155,2,235
5709982,2331,2,207
3811243,1945,2,194
4037218,2098,2,207
4726713,2383,2,226
4036192,2154,2,208
3672238,1751,2,225
3748086,2371,2,202
3687087,2155,2,282
4037207,2083,2,229
4037184,1955,2,189
4036870,2155,2,189
4037165,2067,2,259
4037264,2062,2,195
6423500,2067,2,225
3748057,2111,2,216
4770183,2288,2,226
5018338,1892,2,223
6114724,2288,2,245
2154,3685733,2,219
5018183,2147,2,203
3442415,2155,2,152
4028763,2035,2,234
3695558,1892,2,226
2154,3685735,2,208
3813077,2062,2,287
2154,3685734,2,201
2220,2036,2,240
2154,3685736,2,204
4770183,2036,2,256
2116,5922161,2,302
4037785,2155,2,243
4023032,2544,2,210
3926293,2443,2,197
3764771,1945,2,208
5710039,1864,2,234
4037230,2342,2,207
6114732,2288,2,226
3765257,2210,2,376
2029,2028,2,62
4022941,2433,2,227
4037223,1856,2,234
4022919,2283,2,276
4996977,1955,2,259
4037177,1698,2,215
5231612,1955,2,373
4023410,2258,2,275
6114729,2288,2,199
5709980,2155,2,314
4726942,1955,2,259
4022901,2048,2,207
4459258,2062,2,241
3687428,2155,2,246
3926339,2210,2,390
2302,1832,2,248
6673109,2036,2,207
6423505,2035,2,208
4726948,2111,2,195
6664357,2371,2,219
4037160,2154,2,207
2433,4473171,2,230
2433,4473170,2,222
2222,2155,2,400
4036764,2331,2,216
5709982,1864,2,207
4037218,2048,2,207
4996981,2111,2,209
4008223,2147,2,208
3685862,2154,2,204
4028836,2035,2,234
3748084,2371,2,247
3672262,1832,2,269
3716942,2170,2,239
5675641,1955,2,356
1967,2155,2,400
3813032,2433,2,227
4037764,2433,2,186
4022995,1803,2,239
4472671,1856,2,234
5709981,2331,2,234
4016325,2036,2,177
3687241,2155,2,246
4459253,2155,2,221
3748086,1832,2,202
2223,2036,2,360
4036769,1892,2,237
3812967,2036,2,243
4037204,1980,2,211
2545,2028,2,234
3748055,2062,2,287
1166834,2036,2,180
3813137,2028,2,284
4008849,2147,2,208
3764513,1892,2,226
4036769,2288,2,237
3747960,2154,2,216
3813103,2062,2,220
4037178,2443,2,197
2067,5922161,2,302
3687251,2062,2,209
4037247,1751,2,257
3748070,1751,2,257
6591847,1892,2,223
2531,1832,2,153
5675641,2210,2,356
4037163,2154,2,204
3687088,2155,2,246
4035989,2210,2,373
2144,2083,2,106
6423488,1832,2,201
4996974,2210,2,363
3811242,2200,2,200
2219,2155,2,130
3813012,1755,2,222
4726938,2111,2,197
1166833,2210,2,240
4037775,2544,2,210
3877768,2342,2,252
5727702,2036,2,243
4035990,2210,2,189
4037286,1945,2,262
3343792,1698,2,180
3813138,2028,2,205
4022903,2433,2,264
6423486,1832,2,189
4028837,2154,2,247
3740325,2028,2,203
3812919,2036,2,230
4037178,1698,2,197
4016741,2258,2,275
3748069,1751,2,225
4016270,2331,2,216
4037793,2170,2,202
4024820,2283,2,267
3764812,2036,2,160
3716926,1955,2,359
1651,1832,2,136
3687242,2036,2,282
5727632,1688,2,269
3672105,2371,2,269
2384,2383,2,99
3813032,1755,2,227
4016743,1803,2,269
3672107,1751,2,257
4037188,2062,2,191
3764511,2155,2,282
5761325,1755,2,216
5657314,1751,2,252
6114730,2155,2,265
3343763,2170,2,180
5018399,1892,2,223
4037753,2342,2,269
4036767,2155,2,246
4997021,2111,2,241
5478405,2035,2,201
4022893,1945,2,235
3765441,2170,2,239
4037752,1803,2,207
5675642,1955,2,189
1755,4035035,2,186
3764615,2155,2,252
4109729,2035,2,247
4472697,1755,2,264
5709894,2154,2,218
1166835,2036,2,180
4022890,2544,2,229
3716966,1955,2,359
4726739,2155,2,243
5727634,1980,2,211
4036985,2036,2,200
3764732,1945,2,208
4022994,1803,2,216
6251745,1892,2,239
1774,2383,2,71
3813079,2111,2,241
4008848,2147,2,191
4036769,2036,2,240
5709887,2067,2,225
4037786,2155,2,198
3813102,2062,2,195
4037265,2111,2,209
4459252,2155,2,246
4008222,2147,2,191
3747835,2111,2,241
3764616,2155,2,199
3672171,2429,2,225
4770183,1892,2,226
1755,4035040,2,222
4016326,2036,2,243
6309128,1933,2,303
3811236,1980,2,211
4036193,2067,2,302
3764770,1945,2,262
4146146,1751,2,213
3748072,2470,2,260
4037286,2200,2,262
6423487,1832,2,201
3813012,2433,2,222
4016266,1892,2,245
4146116,1832,2,269
4036205,1955,2,383
4037248,1725,2,192
5710036,2036,2,160
6416985,2429,2,265
4726949,2062,2,209
3765275,2429,2,236
3687079,2111,2,209
5709892,2154,2,193
3749909,1945,2,200
4037760,1856,2,292
5657318,1832,2,272
3764771,2200,2,208
1982,1980,2,119
2221,2155,2,284
4037197,2036,2,198
4022899,2147,2,259
5709979,2155,2,243
3673587,2210,2,198
4726740,2155,2,256
2211,1955,2,231
6309128,2258,2,303
3686057,2035,2,234
2035,5922159,2,229
3807576,2383,2,226
4472659,2283,2,230
3926289,2371,2,196
4024197,2283,2,270
6664354,1832,2,252
3811237,1980,2,239
6673110,2155,2,207
2342,4035033,2,207
3673588,1955,2,383
3748056,2062,2,264
2035,5922160,2,193
4022906,1856,2,234
4036217,2116,2,225
4044993,2062,2,197
3687089,2155,2,294
2342,4035034,2,269
4036218,2116,2,259
5709893,2154,2,201
4037767,2147,2,259
3747869,2062,2,209
4472664,2342,2,207
3687091,1773,2,191
3765194,2210,2,400
2112,2062,2,68
4022953,2200,2,240
4016327,2155,2,308
4016330,1773,2,191
6114732,2036,2,256
3812918,1892,2,272
3764510,2155,2,246
4024289,1803,2,211
4726939,2062,2,241
4037173,2371,2,210
1965,2036,2,240
2025,2083,2,95
6664353,2371,2,201
3811241,2544,2,210
4022905,2323,2,292
4022891,2544,2,210
3926339,1955,2,390
4016329,1864,2,216
4024168,2283,2,247
4997023,1955,2,376
4037224,1856,2,196
5727631,2383,2,191
4037753,1803,2,269
6251745,2155,2,235
5251749,2433,2,216
4798794,2154,2,194
4022905,1856,2,292
3765275,1751,2,236
3813083,1955,2,198
4008208,1980,2,222
4037224,2323,2,196
3926384,2331,2,244
5478404,2154,2,207
4472696,2433,2,230
4037161,2035,2,194
3812919,2288,2,272
4037215,2028,2,241
3690068,1751,2,213
3687697,2154,2,201
4036643,2062,2,191
3764508,1864,2,234
3764806,1773,2,286
5454894,2155,2,282
