service_id,monday,tuesday,wednesday,thursday,friday,saturday,sunday,start_date,end_date
12280319,0,0,0,0,0,0,0,20170604,20170924
12280318,0,0,0,0,0,0,0,20170507,20171029
12280317,0,0,0,0,0,0,0,20170715,20170715
12280316,0,0,0,0,0,0,0,20170704,20170801
12280315,0,0,0,0,0,0,0,20170802,20170901
12280314,0,0,0,0,0,0,0,20170505,20171103
2280323,0,0,0,0,0,0,0,20170505,20171031
2280322,0,0,0,0,0,0,0,20170804,20170825
12280323,0,0,0,0,0,0,0,20170506,20171101
12280321,0,0,0,0,0,0,0,20171007,20171021
12280322,0,0,0,0,0,0,0,20170805,20170826
12280320,0,0,0,0,0,0,0,20170527,20170729
2280321,0,0,0,0,0,0,0,20171006,20171020
2280320,0,0,0,0,0,0,0,20170526,20170728
12280428,0,0,0,0,0,0,0,20170622,20170622
2280428,0,0,0,0,0,0,0,20170621,20170621
2280319,0,0,0,0,0,0,0,20170603,20170923
2280318,0,0,0,0,0,0,0,20170506,20171028
2280317,0,0,0,0,0,0,0,20170714,20170714
2280316,0,0,0,0,0,0,0,20170703,20170731
2280315,0,0,0,0,0,0,0,20170801,20170831
2280314,0,0,0,0,0,0,0,20170504,20171102
2280313,0,0,0,0,0,0,0,20171002,20171019
2280312,0,0,0,0,0,0,0,20170605,20170924
2280311,0,0,0,0,0,0,0,20170508,20171101
12280310,0,0,0,0,0,0,0,20170508,20170508
2280310,0,0,0,0,0,0,0,20170507,20170507
12280311,0,0,0,0,0,0,0,20170509,20171102
12280312,0,0,0,0,0,0,0,20170606,20170925
12280313,0,0,0,0,0,0,0,20171003,20171020
